64 58
56 15
56 3c
56 3c
56 7f
32 0
27 64
56 58
56 15
27 32
56 15
32 e
32 0
64 4d
27 29
32 0
56 e
56 71
56 4d
56 15
32 0
56 29
27 43
32 0
64 6a
56 7f
56 58
56 e
27 43
56 7f
56 e
32 0
64 64
56 7f
56 4d
56 71
56 43
56 71
27 43
27 43
56 15
32 e
32 0
64 29
32 0
27 43
27 64
27 15
56 64
27 29
32 0
56 71
27 64
32 0
64 56
56 7f
56 e
27 64
27 29
27 43
32 e
0 4d
0 6a
64 29
32 0
56 43
56 58
56 7f
27 43
56 15
32 0
27 64
56 58
56 15
32 0
64 29
64 43
15 64
32 0
27 43
27 64
27 15
56 64
27 29
32 e
32 0
64 29
32 0
56 43
56 58
56 7f
27 43
56 15
32 0
27 64
56 58
56 15
32 0
27 64
56 15
56 43
56 58
56 e
56 7f
56 3c
56 7f
56 27
27 29
32 0
27 0
27 32
56 7f
56 27
27 32
56 71
56 4d
32 e
0 4d
0 6a
64 29
32 0
56 43
56 58
56 7f
27 43
56 15
32 0
27 64
56 58
56 29
27 43
32 0
27 0
27 32
56 7f
56 27
27 32
56 71
56 4d
32 0
56 32
56 15
56 43
56 71
27 15
27 43
56 15
32 0
64 29
32 0
27 32
56 15
56 71
56 3c
56 3c
27 29
32 0
56 3c
56 29
56 1b
56 15
32 0
27 43
56 15
56 15
56 29
56 e
56 27
32 0
56 4d
27 29
32 0
56 43
27 32
56 15
56 71
27 64
56 29
56 7f
56 e
32 0
56 43
56 7f
56 4d
56 15
32 0
27 64
56 7f
32 0
56 3c
56 29
56 56
56 15
32 e
0 4d
0 6a
64 29
32 0
56 71
56 4d
32 0
56 58
56 7f
27 0
56 29
56 e
56 27
32 0
27 64
56 7f
32 0
56 32
56 15
32 0
56 64
56 7f
56 e
56 15
32 0
27 27
56 29
27 64
56 58
32 0
27 64
56 58
56 29
27 43
32 0
27 43
27 64
27 15
56 64
27 29
32 3c
32 0
27 64
56 58
27 32
56 15
56 15
32 0
27 29
56 15
56 71
27 32
27 43
32 0
56 56
27 32
56 7f
56 4d
32 0
56 e
56 7f
27 27
32 e
0 4d
0 6a
64 71
56 56
27 64
56 15
27 32
32 0
27 64
56 58
56 71
27 64
32 0
64 29
32 0
27 27
56 71
56 e
27 64
32 0
27 64
56 7f
32 0
56 27
56 15
27 64
32 0
56 71
32 0
56 27
56 7f
56 7f
56 64
32 0
56 6a
56 7f
56 32
32 0
27 27
56 7f
27 32
56 1b
56 29
56 e
56 27
32 0
56 56
56 7f
27 32
32 0
56 71
32 0
56 27
56 7f
56 7f
56 64
32 0
56 43
56 7f
56 4d
27 0
56 71
56 e
27 29
32 e
